1 0.585063 0.609208 0.063781 0.245208
1 0.652594 0.541396 0.054031 0.221458
1 0.705180 0.494240 0.036203 0.186938
1 0.744547 0.465906 0.031031 0.145604
1 0.769836 0.425677 0.035641 0.161687
1 0.803453 0.405750 0.023562 0.158625
1 0.314953 0.510729 0.066094 0.207667
1 0.184484 0.572042 0.092531 0.276625
1 0.412937 0.469740 0.064375 0.193104
1 0.113516 0.423760 0.058625 0.220688
1 0.225008 0.403073 0.051734 0.194646
1 0.310063 0.364760 0.057469 0.124146
1 0.382484 0.360927 0.042531 0.140979
1 0.447133 0.346375 0.037359 0.139458
1 0.599719 0.374729 0.031031 0.147125
1 0.639086 0.366677 0.025859 0.111104
1 0.702016 0.325688 0.033344 0.119542
1 0.885063 0.335260 0.032750 0.092729
1 0.065805 0.331802 0.049422 0.179313
1 0.171273 0.327594 0.047703 0.169354
1 0.255461 0.306521 0.044828 0.128750
1 0.325297 0.275875 0.033906 0.049042
1 0.381617 0.272802 0.031609 0.061312
1 0.425867 0.272042 0.025859 0.082750
1 0.671555 0.349438 0.029891 0.118000
1 0.362078 0.824531 0.097125 0.338687
1 0.498000 0.704990 0.105750 0.309562
