1 0.477313 0.762083 0.110344 0.319542
1 0.857195 0.406917 0.029891 0.098083
1 0.818688 0.449438 0.027594 0.121833
1 0.409492 0.355948 0.032172 0.106521
1 0.366383 0.344073 0.028734 0.058229
1 0.303742 0.344458 0.034484 0.066667
1 0.239953 0.377406 0.031031 0.120313
1 0.196563 0.339469 0.028156 0.088896
1 0.154609 0.387740 0.045406 0.157854
1 0.111211 0.357094 0.040234 0.073563
1 0.049438 0.403073 0.051156 0.167063
1 0.654023 0.415333 0.031609 0.110333
1 0.618117 0.434500 0.034484 0.125667
1 0.572133 0.447510 0.048266 0.136396
1 0.467539 0.512646 0.033328 0.141000
1 0.429602 0.418781 0.044828 0.117229
1 0.362367 0.427979 0.050578 0.127958
1 0.293109 0.426062 0.073000 0.119542
1 0.213508 0.473187 0.066672 0.178542
1 0.100875 0.494646 0.063219 0.215333
1 0.402305 0.533344 0.071828 0.199229
1 0.306039 0.583917 0.057484 0.220708
1 0.179609 0.645604 0.094250 0.275083
1 0.779891 0.470500 0.024719 0.141000
1 0.743398 0.490427 0.041391 0.148646
1 0.728453 0.544073 0.035625 0.165521
1 0.684484 0.565521 0.033906 0.183917
1 0.643687 0.608438 0.048844 0.208417
1 0.571852 0.672813 0.062641 0.245208
1 0.366672 0.861312 0.086781 0.272792
