2 0.231438 0.531417 0.160687 0.035417
2 0.231438 0.591656 0.160687 0.058313
2 0.231438 0.561656 0.160687 0.044187
2 0.076875 0.525344 0.153750 0.086521
2 0.066531 0.595812 0.131906 0.071292
2 0.067969 0.879719 0.135937 0.139438
2 0.067750 0.807656 0.135500 0.139438
2 0.067461 0.754781 0.134922 0.139438
2 0.067750 0.685823 0.135500 0.139438
2 0.237531 0.772313 0.146281 0.069208
2 0.233648 0.624531 0.160672 0.058313
2 0.238172 0.733302 0.160687 0.058313
2 0.235320 0.698063 0.160672 0.058292
2 0.203141 0.469687 0.224969 0.046875
2 0.233102 0.661479 0.160672 0.058292
2 0.227313 0.498333 0.160688 0.035417
