2 0.623273 0.593865 0.082766 0.067438
2 0.676734 0.503458 0.141375 0.036792
2 0.704891 0.528354 0.094250 0.031417
2 0.707773 0.552115 0.071266 0.026813
2 0.699430 0.573187 0.083328 0.027583
2 0.703461 0.595417 0.085641 0.033708
2 0.702023 0.619552 0.077016 0.022229
2 0.464656 0.789646 0.244250 0.081958
2 0.467531 0.825646 0.244250 0.109542
2 0.464656 0.668958 0.244250 0.062833
2 0.470406 0.635250 0.244250 0.062833
2 0.469828 0.603063 0.244250 0.062833
2 0.467250 0.565521 0.244250 0.062833
2 0.493117 0.522615 0.358047 0.067438
2 0.467531 0.736396 0.244250 0.062833
2 0.705469 0.643302 0.072406 0.032938
2 0.703172 0.665135 0.079313 0.032187
2 0.701445 0.689656 0.085047 0.032187
2 0.702594 0.714187 0.073562 0.044458
2 0.622133 0.765531 0.082766 0.067438
2 0.616953 0.734094 0.082750 0.067438
2 0.618680 0.703448 0.082766 0.067437
2 0.618680 0.678156 0.082766 0.067438
2 0.619250 0.649052 0.082750 0.067438
2 0.619828 0.621458 0.082750 0.067417
