1 0.357758 0.742531 0.058109 0.231604
1 0.483617 0.706510 0.058109 0.231604
1 0.600859 0.564750 0.038625 0.156625
1 0.667531 0.522990 0.038625 0.096104
1 0.334195 0.585042 0.038609 0.117583
1 0.410062 0.518771 0.038625 0.117583
1 0.487641 0.517250 0.038625 0.117583
1 0.556609 0.512646 0.038625 0.117583
1 0.620977 0.504979 0.038609 0.117583
1 0.590820 0.668188 0.054109 0.181042
1 0.858906 0.566281 0.038625 0.117562
1 0.674430 0.650573 0.054109 0.181021
1 0.441938 0.594604 0.038625 0.156625
1 0.530172 0.577000 0.038625 0.156625
0 0.168688 0.619938 0.329875 0.750958
1 0.593133 0.883167 0.058109 0.231583
1 0.706609 0.836021 0.058094 0.231583
1 0.800859 0.790042 0.058094 0.231583
1 0.888789 0.742531 0.058109 0.231604
1 0.957188 0.707271 0.058094 0.231583
