1 0.603156 0.550958 0.037437 0.173958
0 0.186500 0.585833 0.370125 0.805375
1 0.525297 0.735646 0.054594 0.225292
1 0.619250 0.685063 0.054594 0.225292
1 0.703734 0.651719 0.054594 0.189271
1 0.331328 0.630646 0.054594 0.225292
1 0.439367 0.594969 0.054609 0.197021
1 0.523312 0.580115 0.037437 0.173979
1 0.398562 0.515708 0.037438 0.173958
1 0.474422 0.505292 0.037438 0.128917
1 0.434766 0.458229 0.037438 0.128917
1 0.538797 0.486583 0.037437 0.128917
1 0.778719 0.612281 0.042563 0.159604
1 0.834227 0.592750 0.032172 0.126583
1 0.884195 0.571646 0.032172 0.126583
1 0.919828 0.547125 0.032188 0.126583
1 0.959484 0.525667 0.032188 0.126583
1 0.885344 0.477396 0.032187 0.126583
1 0.855461 0.483542 0.032172 0.111250
1 0.810633 0.488885 0.032172 0.111229
1 0.771555 0.482000 0.032172 0.111250
1 0.306609 0.516479 0.032187 0.111250
1 0.286492 0.449042 0.032172 0.111250
1 0.502008 0.437552 0.032172 0.111229
1 0.472125 0.396937 0.032187 0.111250
1 0.601438 0.446708 0.032188 0.068250
1 0.187070 0.498854 0.032172 0.111250
