2 0.417250 0.896906 0.185969 0.063562
2 0.471438 0.568375 0.365844 0.062833
2 0.389391 0.619385 0.185969 0.063562
2 0.392984 0.664094 0.185969 0.063562
2 0.394648 0.699198 0.185984 0.063562
2 0.397141 0.737260 0.185969 0.063562
2 0.400469 0.777906 0.185969 0.063562
2 0.410453 0.811177 0.185969 0.063562
2 0.414047 0.859219 0.185969 0.063562
2 0.603078 0.681458 0.087375 0.079250
2 0.606680 0.713604 0.087391 0.079250
2 0.608891 0.740219 0.087375 0.079271
2 0.607508 0.768302 0.087391 0.079271
2 0.611109 0.798375 0.087375 0.079250
2 0.602516 0.655969 0.087375 0.038896
2 0.603625 0.619240 0.087375 0.045271
2 0.600305 0.585385 0.087391 0.038896
2 0.694625 0.733458 0.087375 0.038917
2 0.694242 0.709083 0.087391 0.038917
2 0.685766 0.685990 0.087375 0.038896
2 0.687703 0.664687 0.087375 0.038917
2 0.687500 0.647240 0.087375 0.038896
2 0.688469 0.618490 0.087375 0.038896
2 0.690766 0.595344 0.087375 0.038896
2 0.689992 0.573792 0.087391 0.026083
2 0.689961 0.550979 0.087391 0.026083
2 0.660391 0.527604 0.138594 0.034375
