2 0.384781 0.581625 0.242531 0.055167
2 0.364086 0.679698 0.242516 0.052104
2 0.377914 0.949833 0.217297 0.060500
2 0.385930 0.891969 0.259766 0.058229
2 0.375008 0.868177 0.213797 0.061354
2 0.376727 0.807677 0.224141 0.059771
2 0.392250 0.747500 0.268969 0.085000
2 0.389664 0.711500 0.229297 0.040625
2 0.156609 0.842531 0.241375 0.075854
2 0.549719 0.585833 0.089656 0.034500
2 0.551164 0.608063 0.094828 0.029875
2 0.553164 0.633719 0.087359 0.018396
2 0.567242 0.725302 0.089078 0.036021
2 0.559492 0.700396 0.088516 0.029125
2 0.634773 0.584302 0.093109 0.215312
2 0.849148 0.566677 0.090797 0.028354
2 0.848859 0.542531 0.087937 0.038313
2 0.555469 0.680854 0.085063 0.032958
2 0.554609 0.656708 0.082188 0.033708
2 0.413516 0.440229 0.305750 0.066667
2 0.364086 0.491958 0.302297 0.049042
2 0.364086 0.545594 0.290797 0.045979
2 0.379031 0.635635 0.278156 0.054396
