1 0.810641 0.550198 0.052875 0.160938
1 0.736500 0.590812 0.040219 0.174708
1 0.624430 0.603458 0.050578 0.204583
1 0.508625 0.638323 0.060344 0.220688
1 0.938797 0.672042 0.073563 0.211500
1 0.830180 0.703458 0.071266 0.237542
1 0.711500 0.748656 0.091375 0.291187
1 0.550008 0.820312 0.078734 0.342542
0 0.245547 0.536406 0.491094 0.921062
1 0.946266 0.948667 0.101156 0.096542
1 0.489086 0.499625 0.038516 0.081208
1 0.928742 0.476250 0.030453 0.109583
1 0.871266 0.478167 0.033906 0.119542
1 0.813797 0.447896 0.033906 0.082000
1 0.748570 0.463990 0.034484 0.091187
1 0.673852 0.500781 0.034484 0.141771
1 0.637648 0.478552 0.024141 0.077396
1 0.585930 0.519927 0.039078 0.154021
1 0.966969 0.539083 0.036781 0.157083
1 0.894844 0.551729 0.050000 0.164000
