2 0.059414 0.668969 0.118828 0.079687
2 0.061211 0.727969 0.120984 0.079687
2 0.066953 0.932573 0.121000 0.079687
2 0.066953 0.872031 0.121000 0.079687
2 0.060492 0.795406 0.120984 0.079687
2 0.208344 0.718792 0.216094 0.547125
2 0.576156 0.635250 0.447125 0.094167
2 0.573844 0.697313 0.447125 0.094167
2 0.581891 0.747125 0.447125 0.094167
2 0.589375 0.808437 0.447125 0.094167
2 0.602578 0.869729 0.447125 0.094167
2 0.604891 0.937500 0.447125 0.094167
2 0.570984 0.562448 0.447125 0.068979
2 0.597984 0.507292 0.447125 0.081250
2 0.585344 0.449042 0.447125 0.068958
2 0.572141 0.383146 0.447125 0.068958
2 0.059703 0.519531 0.119406 0.079687
2 0.059703 0.607667 0.119406 0.079708
