1 0.426094 0.685052 0.054062 0.208438
1 0.589914 0.622615 0.035609 0.144812
1 0.513508 0.650573 0.035609 0.144812
1 0.466953 0.581615 0.035625 0.144813
1 0.388789 0.593104 0.035609 0.144833
1 0.289945 0.604594 0.035609 0.144812
1 0.279594 0.534479 0.035625 0.116458
1 0.357758 0.529542 0.035609 0.138000
1 0.870398 0.527969 0.035609 0.116479
1 0.489945 0.510344 0.035609 0.116479
1 0.419828 0.522604 0.035625 0.116458
1 0.586492 0.554021 0.035609 0.116458
1 0.529023 0.562458 0.035609 0.116458
1 0.835344 0.550958 0.035625 0.116458
1 0.798563 0.560146 0.035625 0.116458
1 0.759477 0.567813 0.035609 0.116458
0 0.175867 0.641385 0.345391 0.711104
1 0.522711 0.830667 0.059766 0.237542
1 0.612930 0.767813 0.059766 0.237542
1 0.699133 0.725708 0.042516 0.188417
1 0.767242 0.685458 0.040797 0.155542
1 0.825570 0.679698 0.042516 0.188438
1 0.868648 0.655958 0.028797 0.130167
1 0.904883 0.621458 0.028797 0.130167
1 0.942813 0.604604 0.028781 0.130167
1 0.973273 0.599229 0.028797 0.130167
1 0.320398 0.719542 0.059766 0.237542
