2 0.488516 0.550198 0.229312 0.056687
2 0.488227 0.594646 0.224141 0.039833
2 0.476156 0.642531 0.220688 0.042146
2 0.484195 0.684281 0.220703 0.042146
2 0.488797 0.721073 0.220687 0.042146
2 0.488797 0.776250 0.220687 0.057500
2 0.486492 0.822198 0.220703 0.054354
2 0.501437 0.876646 0.220688 0.071292
2 0.226719 0.535635 0.220688 0.042146
2 0.224430 0.556323 0.220703 0.042146
2 0.282547 0.589260 0.143531 0.058979
2 0.280750 0.611490 0.143531 0.058979
2 0.281328 0.642906 0.143531 0.058979
2 0.467539 0.498854 0.322984 0.049042
