2 0.704891 0.826063 0.148281 0.030667
2 0.237641 0.840604 0.145406 0.194625
2 0.385094 0.717281 0.082812 0.147187
2 0.517523 0.631406 0.145391 0.033729
2 0.499445 0.555563 0.177047 0.049042
2 0.490516 0.602292 0.145406 0.049042
2 0.518102 0.696563 0.145391 0.049042
2 0.502016 0.725667 0.145406 0.049042
2 0.529594 0.767042 0.145406 0.049042
2 0.536492 0.807667 0.145391 0.049042
2 0.536492 0.844438 0.145391 0.049042
2 0.540516 0.874333 0.145406 0.049042
2 0.535641 0.899625 0.145406 0.049042
2 0.526719 0.660542 0.145406 0.030625
