2 0.419250 0.439844 0.385063 0.067354
2 0.518687 0.839094 0.342531 0.312646
2 0.857187 0.726062 0.226437 0.341000
2 0.814094 0.913802 0.216094 0.124896
2 0.646852 0.599250 0.077016 0.121083
2 0.459492 0.340198 0.385047 0.067354
2 0.479594 0.386969 0.385063 0.067354
2 0.421547 0.483531 0.385062 0.067354
2 0.433625 0.540990 0.385062 0.067354
2 0.416953 0.593865 0.385062 0.067354
2 0.432469 0.650573 0.385062 0.067354
2 0.298570 0.744073 0.149422 0.113396
2 0.309484 0.803073 0.142531 0.108812
2 0.306328 0.896552 0.161500 0.122604
2 0.293969 0.952115 0.173563 0.091187
2 0.968688 0.483531 0.059781 0.153271
2 0.956758 0.940240 0.086484 0.099604
