2 0.360063 0.690052 0.073562 0.075854
2 0.326156 0.745990 0.090813 0.049812
2 0.315805 0.830635 0.127578 0.056646
2 0.127594 0.851354 0.156906 0.275875
2 0.705180 0.664375 0.061484 0.199250
2 0.664086 0.654417 0.031047 0.190042
2 0.489953 0.399625 0.285063 0.068208
2 0.541414 0.914948 0.223484 0.068188
2 0.545117 0.872802 0.223484 0.068188
2 0.539367 0.823760 0.223484 0.068187
2 0.531320 0.783146 0.223484 0.068208
2 0.515805 0.733333 0.223484 0.068208
2 0.497414 0.661302 0.223484 0.068188
2 0.499711 0.609198 0.223484 0.068187
2 0.537070 0.568583 0.223484 0.068208
2 0.497414 0.526438 0.223484 0.068208
2 0.481320 0.479687 0.223484 0.068208
2 0.678164 0.795417 0.163797 0.288125
2 0.727016 0.795802 0.069531 0.055938
2 0.828172 0.781625 0.128156 0.047500
