2 0.723570 0.864000 0.125859 0.051333
2 0.631617 0.876635 0.062641 0.045979
2 0.257766 0.881240 0.117250 0.044438
2 0.257477 0.801542 0.098266 0.035250
2 0.816383 0.703073 0.091953 0.025271
2 0.439086 0.488896 0.272984 0.075083
2 0.477016 0.975479 0.212062 0.049042
2 0.479594 0.935635 0.212062 0.049021
2 0.478453 0.895781 0.212062 0.049021
2 0.469250 0.844448 0.212062 0.049021
2 0.451437 0.798469 0.212062 0.049021
2 0.457758 0.750188 0.212078 0.049042
2 0.446844 0.724135 0.212062 0.049021
2 0.444539 0.688125 0.212078 0.049042
2 0.472703 0.644448 0.212062 0.049021
2 0.426719 0.561688 0.212062 0.049042
2 0.441664 0.605365 0.212078 0.049021
2 0.670695 0.639469 0.061484 0.023771
2 0.279891 0.701927 0.084469 0.145604
