2 0.508922 0.731042 0.105750 0.036792
2 0.283633 0.432573 0.387359 0.100396
2 0.288805 0.479698 0.349422 0.096562
2 0.243109 0.528750 0.379875 0.091958
2 0.268398 0.578552 0.364953 0.064354
2 0.274438 0.642927 0.331031 0.067438
2 0.252016 0.696552 0.331031 0.067437
2 0.230172 0.757854 0.331031 0.067417
2 0.220102 0.804594 0.226984 0.067438
2 0.205430 0.862052 0.248203 0.096521
2 0.210078 0.937531 0.248281 0.100354
2 0.413516 0.884687 0.204594 0.221458
2 0.620984 0.804604 0.068969 0.289667
2 0.556039 0.799250 0.060922 0.288125
2 0.581906 0.956719 0.172406 0.069729
2 0.763227 0.960542 0.185641 0.074333
2 0.643977 0.647521 0.080453 0.202292
2 0.574430 0.594260 0.035641 0.095771
2 0.507766 0.654406 0.168969 0.038312
2 0.499148 0.682010 0.149422 0.038312
2 0.493680 0.704990 0.127016 0.032187
