2 0.499711 0.577010 0.426422 0.094271
2 0.500586 0.243688 0.489078 0.160917
2 0.474375 0.764781 0.304062 0.116562
2 0.493391 0.848271 0.304063 0.116542
2 0.491094 0.920312 0.304063 0.116542
2 0.498258 0.647865 0.426422 0.094271
2 0.512930 0.501917 0.426422 0.094250
2 0.508336 0.430656 0.426422 0.094271
2 0.497414 0.377781 0.426422 0.094271
2 0.504883 0.327198 0.426422 0.094271
2 0.882617 0.862833 0.234766 0.094250
2 0.830758 0.664760 0.054016 0.322604
2 0.889086 0.662469 0.067234 0.316479
2 0.702891 0.832240 0.223594 0.314271
2 0.204883 0.843677 0.193109 0.116479
