2 0.330180 0.861688 0.170109 0.095792
2 0.829602 0.877781 0.203453 0.140229
2 0.960781 0.903083 0.078438 0.085083
2 0.536500 0.812271 0.345969 0.360167
2 0.466391 0.276240 0.352875 0.082104
2 0.506328 0.344073 0.322406 0.079687
2 0.441391 0.377406 0.366094 0.083521
2 0.453453 0.439094 0.386781 0.073562
2 0.460641 0.496563 0.372406 0.075083
2 0.462359 0.547521 0.370125 0.066667
2 0.457188 0.600771 0.425281 0.070500
2 0.324727 0.691958 0.137359 0.098083
2 0.328172 0.749427 0.139656 0.108812
2 0.334492 0.812260 0.132766 0.130271
2 0.899141 0.699240 0.172406 0.322604
2 0.320695 0.918021 0.183328 0.141000
