2 0.517531 0.265146 0.436781 0.134875
2 0.502297 0.334500 0.350000 0.052875
2 0.560063 0.525677 0.341375 0.078937
2 0.527297 0.599229 0.341375 0.078917
2 0.512930 0.659771 0.341391 0.078917
2 0.536500 0.725677 0.341375 0.078937
2 0.529023 0.780073 0.341391 0.078937
2 0.570398 0.857885 0.341391 0.095062
2 0.561781 0.927969 0.341375 0.078937
2 0.297969 0.753250 0.133438 0.078917
2 0.819117 0.837552 0.151453 0.078938
2 0.926937 0.825292 0.146125 0.078917
2 0.814375 0.660542 0.059187 0.259000
2 0.231039 0.894260 0.215516 0.131812
2 0.470125 0.385448 0.404031 0.070479
2 0.510641 0.439469 0.341375 0.078937
