2 0.156617 0.648281 0.312641 0.061313
2 0.132617 0.460542 0.265234 0.076625
2 0.138797 0.276635 0.266656 0.101146
2 0.177313 0.359396 0.347125 0.088875
2 0.126727 0.397708 0.250578 0.076625
2 0.875297 0.536792 0.240813 0.071250
2 0.877586 0.577792 0.241953 0.041375
2 0.885922 0.613802 0.226438 0.042896
2 0.882477 0.647906 0.233328 0.049812
2 0.882773 0.681615 0.231609 0.042146
2 0.149570 0.517250 0.299141 0.067417
2 0.140094 0.585063 0.280187 0.075875
2 0.132617 0.838333 0.265234 0.321833
2 0.584484 0.737552 0.376437 0.373188
