2 0.416094 0.851344 0.066094 0.052104
2 0.233047 0.552490 0.236219 0.046729
2 0.234766 0.525667 0.236219 0.046750
2 0.472711 0.882385 0.045984 0.089646
2 0.821555 0.666667 0.194828 0.058250
2 0.210641 0.844833 0.236219 0.046750
2 0.812930 0.691187 0.194828 0.058250
2 0.234734 0.462073 0.243031 0.058229
2 0.512359 0.724531 0.210344 0.213812
2 0.813227 0.625302 0.194828 0.058229
2 0.230172 0.793104 0.236219 0.046750
2 0.220977 0.752490 0.236234 0.046729
2 0.221547 0.693479 0.236219 0.046750
2 0.225578 0.652104 0.236219 0.046750
2 0.233625 0.615323 0.236219 0.046729
