2 0.690523 0.590042 0.236203 0.062833
2 0.691094 0.624521 0.236219 0.062833
2 0.498562 0.722615 0.313219 0.369354
2 0.412945 0.924531 0.207453 0.137187
2 0.118984 0.815656 0.237969 0.357021
2 0.087648 0.494250 0.171359 0.075083
2 0.086508 0.435250 0.171359 0.075083
2 0.081898 0.375479 0.162141 0.075083
2 0.121875 0.324125 0.243750 0.075083
2 0.868156 0.460510 0.130156 0.148771
2 0.288797 0.708063 0.114937 0.231417
2 0.085359 0.256708 0.170219 0.075083
2 0.088211 0.553250 0.171359 0.075083
2 0.673570 0.533333 0.236203 0.062833
2 0.968828 0.501146 0.062344 0.179375
2 0.687648 0.564750 0.236203 0.062833
