3 0.651299 0.412266 0.104199 0.340156
3 0.691152 0.155986 0.105742 0.157090
3 0.254795 0.731797 0.183066 0.419844
3 0.518418 0.214941 0.134102 0.353164
3 0.923799 0.396162 0.118770 0.370801
3 0.170156 0.395449 0.130273 0.308047
3 0.793486 0.735635 0.177090 0.475020
0 0.931436 0.688545 0.137129 0.313418
3 0.430264 0.724863 0.120371 0.470508
3 0.074756 0.718809 0.138691 0.453633
3 0.647549 0.407236 0.137949 0.359395
3 0.567852 0.696592 0.162461 0.475098
3 0.046338 0.354404 0.092676 0.282676
0 0.676621 0.703447 0.143984 0.416934
