2 0.145596 0.562109 0.185527 0.049805
2 0.879727 0.337930 0.163984 0.046055
2 0.787012 0.573184 0.058242 0.033789
2 0.709570 0.568203 0.078086 0.036094
2 0.453252 0.268584 0.092793 0.060449
2 0.335664 0.250957 0.144063 0.057539
2 0.590068 0.242148 0.213027 0.053711
2 0.645205 0.400420 0.119473 0.049824
2 0.620352 0.570879 0.081992 0.027656
2 0.516855 0.573184 0.143359 0.033789
2 0.339844 0.561689 0.190742 0.042832
2 0.118779 0.743340 0.193184 0.072031
2 0.490420 0.776973 0.102754 0.055156
2 0.305322 0.772803 0.253652 0.065059
2 0.691230 0.823799 0.335625 0.076621
