2 0.141768 0.585820 0.278848 0.106602
2 0.105781 0.233330 0.211484 0.065059
2 0.136016 0.891602 0.259688 0.081992
2 0.531035 0.383955 0.551641 0.095020
2 0.652070 0.728730 0.502695 0.108750
2 0.155918 0.826875 0.311836 0.073594
2 0.568232 0.553252 0.531035 0.052168
2 0.148652 0.689277 0.268125 0.094180
2 0.589277 0.513457 0.570039 0.072031
2 0.136416 0.504980 0.272832 0.079609
2 0.532988 0.282031 0.587734 0.118008
2 0.609238 0.682715 0.518008 0.090430
2 0.137920 0.762832 0.258926 0.095703
2 0.111914 0.434863 0.211484 0.077461
2 0.567852 0.841768 0.447500 0.104902
2 0.101543 0.294248 0.195352 0.073652
2 0.106895 0.372031 0.196875 0.097227
2 0.614180 0.622988 0.598555 0.070586
2 0.639844 0.439121 0.514883 0.064375
