2 0.836016 0.664785 0.315625 0.069727
2 0.832187 0.626045 0.332500 0.048965
2 0.839844 0.580850 0.317305 0.049121
2 0.483945 0.570879 0.138750 0.036016
2 0.836797 0.543672 0.326406 0.036094
2 0.839844 0.511914 0.306602 0.038320
2 0.825293 0.792686 0.346289 0.098848
2 0.485107 0.547891 0.139551 0.036016
2 0.480479 0.596934 0.142559 0.036016
2 0.839043 0.471299 0.315703 0.067441
3 0.181191 0.578965 0.154023 0.425273
3 0.392715 0.494678 0.127891 0.262832
2 0.543672 0.729502 0.265820 0.084355
2 0.523760 0.789268 0.288809 0.093574
2 0.828750 0.849082 0.342500 0.081211
2 0.508037 0.517246 0.180840 0.036016
2 0.505752 0.491953 0.180840 0.036016
2 0.511885 0.470488 0.180840 0.036016
2 0.526475 0.443340 0.180840 0.036016
2 0.832207 0.740996 0.335586 0.067344
2 0.822607 0.704219 0.328652 0.052031
