1 0.535661 0.843327 0.021463 0.143287
1 0.485822 0.862796 0.044389 0.206553
1 0.402635 0.863808 0.073527 0.260120
1 0.204279 0.834930 0.117295 0.325731
1 0.881253 0.423026 0.015331 0.101162
1 0.857896 0.434900 0.019158 0.131042
1 0.824940 0.444860 0.029880 0.157094
1 0.777044 0.477044 0.047515 0.207675
1 0.669760 0.508848 0.084289 0.291202
1 0.537585 0.095050 0.016092 0.070501
1 0.590451 0.106934 0.034489 0.131022
1 0.770070 0.167084 0.061864 0.322745
1 0.314940 0.175481 0.052766 0.273647
1 0.206132 0.172415 0.052786 0.273647
1 0.093858 0.175090 0.052766 0.273627
1 0.583557 0.838357 0.014569 0.102685
1 0.562094 0.838347 0.016092 0.114930
