1 0.671271 0.382375 0.019799 0.107358
1 0.079298 0.655920 0.078930 0.300401
1 0.150535 0.643261 0.028896 0.270535
1 0.208428 0.622993 0.028896 0.270535
1 0.266656 0.591137 0.028896 0.243813
1 0.303445 0.580084 0.028896 0.243846
1 0.337926 0.567826 0.028896 0.243813
1 0.370870 0.559381 0.028896 0.243846
1 0.587676 0.533311 0.030334 0.208428
1 0.846706 0.418746 0.027592 0.117224
1 0.812191 0.420251 0.019766 0.107391
1 0.780853 0.409950 0.019766 0.107391
1 0.750184 0.396171 0.019766 0.107391
1 0.720318 0.394632 0.019766 0.107391
1 0.701923 0.386973 0.019766 0.107391
1 0.649047 0.379314 0.019766 0.107391