2 0.042387 0.732950 0.082375 0.065140
2 0.757906 0.376250 0.074712 0.027580
2 0.706419 0.395410 0.034013 0.021460
2 0.043106 0.301910 0.078062 0.056700
2 0.040469 0.083910 0.072788 0.060540
2 0.318006 0.079300 0.109662 0.039080
2 0.146550 0.082750 0.113500 0.045980
2 0.133856 0.304210 0.098663 0.052100
2 0.228687 0.299610 0.097700 0.052100
2 0.321600 0.297320 0.102500 0.050560
2 0.328306 0.513020 0.096737 0.068200
2 0.229387 0.517620 0.090475 0.052880
2 0.136256 0.517250 0.078537 0.045980
2 0.463363 0.665520 0.080450 0.039080
3 0.677681 0.584290 0.072313 0.250580
3 0.599381 0.562070 0.046937 0.213780
2 0.254306 0.813410 0.257188 0.201540
