1 0.210936 0.318796 0.018261 0.182609
1 0.239431 0.329833 0.023077 0.211371
1 0.149281 0.297893 0.016020 0.145485
1 0.132742 0.294716 0.014381 0.143144
1 0.113177 0.287023 0.016054 0.129097
1 0.092692 0.284649 0.021438 0.126421
1 0.070853 0.283512 0.019164 0.121070
1 0.048261 0.290000 0.018395 0.109565
1 0.270502 0.348227 0.033579 0.226890
1 0.307291 0.381622 0.033579 0.290401
1 0.349431 0.402291 0.033579 0.290401
1 0.392241 0.410318 0.033579 0.290401
1 0.468562 0.437140 0.062074 0.331806
1 0.590401 0.518361 0.057458 0.414582
1 0.716438 0.570836 0.079699 0.468963
1 0.833294 0.637910 0.104983 0.573946
